*clover

 state 1 density=0.2 energy=1.0
 state 2 density=1.0 energy=2.5 geometry=rectangle xmin=0.0 xmax=5.0 ymin=0.0 ymax=5.0

 x_cells=1475
 y_cells=1172

 xmin=0.0
 ymin=0.0
 xmax=3.0246261661494223
 ymax=3.517662431692638

 initial_timestep=0.04
 timestep_rise=1.5
 max_timestep=0.04
 end_time=19.102997894217907

*endclover